$ANSIBLE_VAULT;1.1;AES256
61623331343132653939323565656331363232313061376333383338333164626638316561323031
3262383962383939643438326136323733386236643437650a613832643265356436313833633362
31356138386439376261343038376163376538666534353937353661666639386163323536366234
3932373634636331390a346435623839393762646463373664333439366339303232623636613961
30383634626465663664363162353135396130376639366339623934643237646338616638306361
36323763343563383436663964323662346236333563393833343863386238653964646166336337
66373365323364363530666630636135303366333530643530363330643432613662333030653436
37346433376663656466646566313534363564396662633266633964363437313035623334396664
63376237326339333666626538313263633631393666633637386262383030336164383535643337
61623733393738666661343731363437646535623037383764666332313662613961323535336262
61353566613934616234333234313434346531346534653737316235373466323034663362613532
32313836353364306230323337346335383161346662626364396366383865383131613237363261
35336637333338306639656335363166613430633333636633633839633662306637356136343863
64666134393262613261653734343338656465646563356537313831366239373362313834323962
66303163316432313861316635376533316133353536356239656239336362353535383961613464
39386266623161643838653861313863626465343830376232323533343537666263326332363231
38356565663631323037366166326131366337646162666532393463353530646231393831313532
35666637323030323535626434303066386530356338663930386164663132326162613664666139
36356431346634323133316537636163303062356261373264313636373666663761306165656266
62353663613333306130356663343539643935356536383439336564653163353031376237323165
35666534386130623861383731333664333533353634343965343664656366363334383035333239
61343233363165366438623662646238643161356138396261613661626234316261633662643431
32633231383139303561386163356132383537343136336362303165323634306462323665346535
39306334313432616437383863336132306161613664663165633266353535656137343437376665
61626263333130396339396530663433383633383435653062646130336531316134316263633238
34316265346464376633646632356263663839373366643066363062656432646665383534393132
35326235663234376630303930303464626238623662666566316535353963373761393539633865
63623663346365343365643439653861613534653731343433663863386439396263313130333731
34333761613533633737383836666137373561363732666239353233326339373836653563623834
33386533333430653165313535623362343037363761326433363936303037316238303833313037
62396462383834613732653265663438356666643437616436653335323965313935383861343336
36613238363234653565376563353037386534666439663861336461636331323837303765613431
61303636316238383637323430313735613039393839633865373963323062316633376330656335
63636334653338356264363238656437326566376432636132333537666534623431643564303730
32396437663566326132343431393936313961363830623531613735623430653861653463343663
32373664656632656334333233626639656135623634633965653136653363393131653136333962
33316166313136666433356535323364626262643463343736316563326661356437346364343866
64363134653632366139383332356337366236303134376137376562623738393839663063393932
32383363343535396539373162656664626664346332653538396132343764363533656138396165
66346237323161363038326334353036653435633734633832393234623930336261393662363139
33626537666538393866633264663066326363333766306531343735643932363036353739333764
62626365346563613835663665653334356330366661343261636566393661323266383861636334
65346638633964623766653864316163616264393132306133353365386161633938353833373031
39656334306334353463353066353731316632653664393861646466343932663833323434326434
64626562626662336430616433663734656333393732643363386232386561623332333132623561
61613932313866643566393062326264383734396530643437386432373831616339396532353465
34346662613234663064386365383961353836333664663461363763346139383237383634373865
39323063333962373262636536333935653334373664643935343533306666366237656366376538
64393236363636383530636262663166376564663165393635336465633264393666626337333262
64623339356362663837356533636661303236633031393836666638356439636132643663323935
33396634643736303435663464343636346466613634396362393332623166636532636630663736
37393265643131663161
