$ANSIBLE_VAULT;1.1;AES256
<<<<<<< HEAD
35363364393733363262663663663132623664626637376433383031373265636361636133343833
3737366265313936623132653839353634343032663539640a633038393165373761626262356533
35306539616632333435303862383838633064323434653566616461343563306632303233383738
3764343332323661320a366536316661386232333562643736323162343061376131636435343532
61313462346636343866643062376232623336666664626163326435306364666532386431653336
32663338336566306234353638633866393162333439333638656532336239613933396136363332
65346638373765663238343134616366643837393864626561663366343339303663356465303265
35386466643264643234386261366234353133393039383966336535643137663635353561613037
65636533663039303739626535646466633838623635356666623161336161346530303232646166
37653339356437356130663761316665363433636431346537333137383935343537313737623839
39623635663439366162653665643231663464653764336639323663626631373838646434343263
34626632303433363632366530353962343939303330373965373736663738616162663566373531
31396463326234613630653262353733363333666632396233303865643061306539643365626535
36363731373232373834353262313031343039323132313565666262663064666333616337303337
39366662346130636663643938373639633064653135363031633137363763633939356237636166
38343338663063383230313832373364656265376439356539663232393261393834386364663032
62376139383737323161353965656663316266616230393931613063643531373362366330313334
37633938636338343138636163653231333663623933623565633962393934316436323966353834
34396163613265313565363837323434653037643463653332323862363731366631383338373166
33323266326130336234343439316163663466333630343461393265343138636432393336323365
31623361646335653537323037376537313864336538313763333835373830383333333032333736
36393031333565353264303361323337353765336263306639333266376161613937306130383935
32626163336232336663316232326532343865306439343863313139303738353530373466363161
35303863353533653230646339366239613463303166386231313662643734643861346232383237
36313134336665353362353732333961336235313630626534646365326630323136643664656136
38636634643937653430653664653835613561613839393461646638313664356236313966313831
30393736383130316163633863643338313937646239613638386463333931373933646233323337
31373166666262386330613036336536333361666664396664303233363231373561633538623830
63636338316461633836306264323263353538616637346532326434303033346130383334356162
36346438353265326361663238646461636662656666626361356632626232343762643730616238
61303361313739613034303266386334653833653665666637333839306230316432656638356531
65396464366236643634623130393239386632623538373232376464393164663236343962356662
36383936326630656162633064643765643037323764363630323334653633343164346339646134
36356330376239333861306538663964366361663831633265333032626131343736356633623239
61613435366630653036346634323939626230666664303339633530653633373661636233346637
65336263376466376638353766623735326564313061383635643336326236336265383139353434
30393831393539663830633136376239653138346437373661636636346436333963396236313033
33376338653364386637656366383730646330383139393433343433643565333036633966656564
33373861356338623433613436646364666238396534626632643165393133663333623262633931
30323632386435323462326263356237663763346366643232326234613936326236636134346462
30336261336130306361346637383731386537323030636262353832383537343735383436626532
32363939376365346634316461336461636333363331396237303266323831633032656434633262
35626337663437333936396366393731393730373939653032663534323039623139313865313961
38333131353839633563356631343032343661376361336135386162363031333131376463313537
33363261626237646263356431356637303537323436383739323837343038633465306533363530
32333966366562303363333532353532663138366263366462336536333165376532356463303961
66616363373033323664363861643138353733623236376237643334396435386366336333666630
36616638656461313163643934633537366335363230366135653532356662356639613832326261
64373132396563306339343031663263663332313963666639306664303162383636303932363039
36633961326136653937613161636462313462666534343336386137633965383230303061326266
306362366336643034373063333866353535
=======
62333533343864613737613966636532633165643663363636356265626366613334393361346531
3065353830343736626231346433623839636232353530390a613039383265636635626332303265
31326361303239363564653330336234363238316438653730363361373339633734653232306633
3238613833383166380a346661373364306134613533663830396239613564653636363730663263
63613561646633653035653436353961393062623334383531623063616631666566366665623865
37356330623332633936626438633938303061646339656539613635303837613935353461356237
33316138373937326638646465323038343435653031656332326465666338303434313237623665
37346561613433316435303162303231623866626337366635653036393265386664313461643864
35306430633165646262383763613663363062303033323937303930366132643466643561343963
32626164663966306439393031323136383738643937383734343164323863663662306338356263
62303434333137363765333431636266326434346435643762666336396438363035313763363331
33643630336637653332643831303435626666636235393533623566623366356430393263623063
38663839366334373430623763633566653330663437313336666461373831643062356361363866
33356561326232363863396432646536393534316263323533653839653437333661353864373333
64303261393631643534623434653131626166633665653431356536356464363133633332656632
31363866366139363064396433373032333339663936326661333538356239353163616666363062
30353436343538326536316234376335343037386565393137666430356261623563316661303731
63346561656131646536333630326631356137616665316533333832353635373732643731396565
32623630643661376462363930323338336630396633363064396235643566616433656262313535
63336432646135346139393833303661653532326233613339376266323533663133363931373331
65366138353463356633663263303336323239643832373466353461376534633834383134613266
30376361623435646130656464663566346631326632333939393139343235636266333463313033
39333335616131643531366663653839373137366437643231306561393963613061303166623739
61653537613634636538393061363235623861326531303263373031343238346135646435373137
65636533303230396135336131343966333761336233626361363835313930363062643766303865
64353764376136313864616133653562316238613162353931326263383233663032353731346439
30333534313533316163663461333166633938326462363230383133363835623464396331346235
61376337366465343265386238353838313332323838666464336266613962623435613639303663
37363163306361663834373666316266646330323236316363333330643637626634353836313531
61383465626563646538663261373363623264613233373063653535326661323337393133346363
32666234366538373230663561336332653436313232373665633439333064316439323563393463
30656232316262306261316264653166373264633965393036643434626332653733376232653232
38336437313436376536353166336561323861643838366461306230653162396463656565633032
61363630336565316162316361323239323064663137306563333664333336363432303861343737
35363166306264653438663266313364663534336461343461653761393265613765383263663334
63303262636334623664323239373065366230353539336363306636643233326235363862346364
33663531613034666432616562356661616265666463613331666633373036393066633364363335
62366531376530386331383731343163643264333034636432363033323030663739623030613766
36633562313332323762363461386263353537613136373763663464343932663934353066633638
31306537663336326238646461353463366461323339656137386136343533663230323562363839
65653334666530353561653738366664313933306437626265383232616538393632313033386465
3938643134353233643237633233633163366562613731643435
>>>>>>> f6e3a01... Class 6 changes
